{
  "accuracy": 0.8616030299928344,
  "precision": 0.8559862375733033,
  "recall": 0.8616030299928344,
  "f1_score": 0.8539511961876347
}