[
  {
    "step": 0,
    "train_accuracy": 0.84952,
    "eval_accuracy": 0.8511618384686253,
    "precision": 0.8449307424636446,
    "recall": 0.8511618384686253,
    "f1_score": 0.8461251593551102
  }
]